:3478
34336665643636332d623033
64396333336463382d323731
36373833393863342d623464
34393534326533332d313064
37376534616530642d656236
37633035393166342d656466
63393430666234342d343835
39626534383235332d333634
35353063666264392d656138
63346166373363312d343762
38383532323863372d613633
65313537643336642d646431
34393862663134652d366362
37636634656534662d323866
37356335363331632d303232
32383966666562362d653064
33656362333735652d316134
33336437353033392d626134
65643530656336332d393966
64386539396330342d626536
61626137366332362d363036
64663932376665632d336630
63616162633463642d393931
66313838346262362d656335
35663834643261382d313532
33386438633837612d366431
38613832366131662d333938
37613737356564622d336363
37386330303433382d336564
32333666353932612d313636
32383537353533392d376633
34643838373465312d353633
30656634336434372d303239
37303434666336352d373236
30323431323163302d386635
62356663306632612d383139
34613865633566652d366634
38613430626562322d623537
30653832346533342d393036
36386261306234642d333034
61353062376433622d653035
30313138336538342d346135
32393037666134612d376165
62326531666365382d633163
37383162306637612d333163
61333665326539312d313134
66633134663533302d373666
34623735373630372d623238
62633334313164652d643962
38363936363732642d316637
31376261313137662d376636
32623032393662642d313863
34353066633261312d383336
64643434663264332d623834
62363761313233342d623364
34363466643733352d316165
62396364623562612d656366
64373430623664652d303562
62336438363832612d323030
65386635303335662d636335
33616430373931382d356132
66393564323861302d613238
65343437326331372d633466
34623232626166352d376136
65336332336436642d626264
35613530613135632d353832
38363139383665312d383434
38366334346630612d393334
33363863386131382d396561
65613732393865382d333063
37633733356632372d653631
61623132656437322d376266
36323839643434342d313130
62343930643130382d363462
63663866636538352d386238
63353961666263312d373339
39316535623263612d346362
64383736623731632d616662
32383765363631312d646637
30386637656665312d356130
34303234626336642d386530
33633335373965332d383837
65653536666262322d326365
38316664633132312d316335
30386331626361372d653832
31396239626635612d396637
37323037663734342d323263
